[gd_scene load_steps=11 format=3 uid="uid://dfrsxeg6ivko"]

[ext_resource type="Script" uid="uid://bihu1lsjao4wd" path="res://levels/level_1/level_1.gd" id="1_epb64"]
[ext_resource type="PackedScene" uid="uid://btf4twiv287ip" path="res://characters/player/player.tscn" id="2_45440"]
[ext_resource type="PackedScene" uid="uid://b50umsco1xpws" path="res://levels/level_1/level_1.glb" id="3_epb64"]
[ext_resource type="PackedScene" uid="uid://v6dn3djwfio8" path="res://items/key/key.tscn" id="4_iey7c"]
[ext_resource type="PackedScene" uid="uid://bm0qxo5p35xvf" path="res://rooms/door.tscn" id="5_5b03i"]

[sub_resource type="ProceduralSkyMaterial" id="ProceduralSkyMaterial_k1ttk"]
sky_horizon_color = Color(0.66224277, 0.6717428, 0.6867428, 1)
ground_horizon_color = Color(0.66224277, 0.6717428, 0.6867428, 1)

[sub_resource type="Sky" id="Sky_45440"]
sky_material = SubResource("ProceduralSkyMaterial_k1ttk")

[sub_resource type="Environment" id="Environment_epb64"]
background_mode = 2
sky = SubResource("Sky_45440")
tonemap_mode = 2

[sub_resource type="BoxShape3D" id="BoxShape3D_epb64"]
size = Vector3(126.43172, 1, 109.044785)

[sub_resource type="BoxMesh" id="BoxMesh_iey7c"]

[node name="Level1" type="Node3D"]
script = ExtResource("1_epb64")
metadata/_custom_type_script = "uid://dk8o404cgmpr7"

[node name="WorldEnvironment" type="WorldEnvironment" parent="."]
environment = SubResource("Environment_epb64")

[node name="DirectionalLight3D" type="DirectionalLight3D" parent="."]
transform = Transform3D(-0.8660254, -0.43301278, 0.25, 0, 0.49999997, 0.86602545, -0.50000006, 0.75, -0.43301266, 0, 0, 0)
shadow_enabled = true

[node name="Marker3D" type="Marker3D" parent="."]
transform = Transform3D(1, 0, 0, 0, 1, 0, 0, 0, 1, 0, 0, 0.06465137)

[node name="level_1" parent="." instance=ExtResource("3_epb64")]
transform = Transform3D(1, 0, 0, 0, 1, 0, 0, 0, 1, 3.8066535, 0, 2.0835638)

[node name="StaticBody3D" type="StaticBody3D" parent="."]

[node name="CollisionShape3D" type="CollisionShape3D" parent="StaticBody3D"]
transform = Transform3D(1, 0, 0, 0, 1, 0, 0, 0, 1, 3.6722946, 0, -1.3347397)
shape = SubResource("BoxShape3D_epb64")

[node name="MeshInstance3D" type="MeshInstance3D" parent="StaticBody3D"]
transform = Transform3D(149.84433, 0, 0, 0, 1, 0, 0, 0, 108.05082, -0.35750866, 3.8146973e-06, 0.025001526)
mesh = SubResource("BoxMesh_iey7c")

[node name="Key" parent="." instance=ExtResource("4_iey7c")]
transform = Transform3D(1, 0, 0, 0, 1, 0, 0, 0, 1, 5.6634607, 0, 36.169357)
key_name = "key_1"

[node name="Key2" parent="." instance=ExtResource("4_iey7c")]
transform = Transform3D(1, 0, 0, 0, 1, 0, 0, 0, 1, 1.0712671, 0, 36.169357)
key_name = "key_2"

[node name="Door" parent="." instance=ExtResource("5_5b03i")]
transform = Transform3D(0.027328432, 0, 0.9996266, 0, 1, 0, -0.9996266, 0, 0.027328432, -15.927567, 0, -3.5590763)
key_name = "key_1"

[node name="Door2" parent="." instance=ExtResource("5_5b03i")]
transform = Transform3D(0.6062105, 0, -0.79530424, 0, 1, 0, 0.79530424, 0, 0.6062105, 17.1138, 0, -22.485395)

[node name="Door3" parent="." instance=ExtResource("5_5b03i")]
transform = Transform3D(-0.041335076, 0, -0.99914545, 0, 1, 0, 0.99914545, 0, -0.041335076, 25.194172, 0, -2.5084686)
key_name = "key_2"

[node name="Player" parent="." instance=ExtResource("2_45440")]
transform = Transform3D(1, 0, 0, 0, 1, 0, 0, 0, 1, 5.8527355, 0, 43.395515)
